objective: coe
interconnect: 300.0
max_capacity: 1e+16
penalty_min_energy: 30.0
absolute_min_energy: 30.0
penalty_multiplier: 0.0
turbine_type: 1
solar_cost_multiplier: 0.75
battery_cost_multiplier: 0.5
bound_type: 1
resource_type: 2
ppa_type: 1
shadow_type: 1

outage days: 0
DVopt: [ 5.3968253968253975e+02  2.2000000000000000e+01  1.3000000000000000e+01
  1.1000000000000000e+01  9.7777777777777783e+02  9.7777777777777783e+02
  4.7373222554131811e-01  3.8895909044445061e+00  6.5219769518815974e+02
  3.0670181125059071e+03  8.2539682539682542e+02  1.7664722896493140e+03
 -1.2704819460443105e+02  6.4285072757374282e+03  1.4518483214137900e+03
  3.0476190476190476e+02]
opt_val: 55.80524101415497
run_time: 20397.509109020233
function_calls: 45839

outage days: 1
DVopt: [1.4285714285714287e+03 2.1000000000000000e+01 1.0000000000000000e+01
 9.0000000000000000e+00 1.8952380952380952e+03 1.4634920634920636e+03
 4.2386567548433729e-01 5.5850536063818552e+00 1.4236185682766513e+03
 2.3894888958461388e+03 1.1111111111111111e+02 7.3791112553132552e+02
 6.6531581584074047e+01 2.1856924737507256e+03 3.0488814749689586e+03
 3.0476190476190476e+02]
opt_val: 55.96806157816586
run_time: 7136.877671003342
function_calls: 27130

outage days: 2
DVopt: [1.2698412698412699e+02 2.1000000000000000e+01 1.5000000000000000e+01
 1.5000000000000000e+01 1.3015873015873017e+03 6.5396825396825398e+02
 8.2279807594018406e-01 4.4879895051282759e+00 3.0521737447967994e+03
 1.4215900149036115e+03 8.0952380952380952e+02 6.5219769518815974e+02
 5.5048102205533769e+02 3.8571043654424566e+03 1.7422179856965479e+03
 3.0476190476190476e+02]
opt_val: 56.09463414147177
run_time: 12671.045974969864
function_calls: 45551

outage days: 3
DVopt: [ 6.3492063492063494e+01  2.2000000000000000e+01  1.1000000000000000e+01
  1.1000000000000000e+01  8.1587301587301590e+02  8.1587301587301590e+02
 -2.4933275028490298e-02  2.0943951023931957e+00  3.0934397381549707e+02
  1.5183799029978645e+03  8.2539682539682542e+02  1.7664722896493140e+03
  1.6332146967832705e+02  3.3428237833834628e+03  2.1777724821206848e+03
  3.0476190476190476e+02]
opt_val: 56.14412422566204
run_time: 17926.281424999237
function_calls: 61765

objective: coe
interconnect: 300.0
max_capacity: 1e+16
penalty_min_energy: 30.0
absolute_min_energy: 30.0
penalty_multiplier: 0.0
turbine_type: 1
solar_cost_multiplier: 0.75
battery_cost_multiplier: 0.5
bound_type: 1
resource_type: 2
ppa_type: 1
shadow_type: 1

